time_stamp	px_state	py_state	v_state	yaw_angle_state	yaw_rate_state	sensor_type	NIS	px_measured	py_measured	px_ground_truth	py_ground_truth	vx_ground_truth	vy_ground_truth
1477010443000000	0.312243	0.58034	0	0	0	lidar	4.94066e-324	0.312243	0.58034	0.6	0.6	5.19994	0
1477010443050000	0.734108	0.628248	7.23347	-2.57944e-17	-1.60857e-17	radar	73.9473	0.862916	0.534212	0.859997	0.600045	5.19975	0.00179686
1477010443100000	1.16053	0.494861	7.23669	-0.126964	-0.0118326	lidar	0.21963	1.17385	0.481073	1.11998	0.600225	5.19943	0.00538996
1477010443150000	1.25747	0.533288	7.22074	0.121142	0.0302572	radar	1.82684	0.969149	0.397513	1.37996	0.600629	5.19898	0.0107781
1477010443200000	1.61635	0.59526	7.23513	0.160561	0.0461959	lidar	0.164887	1.65063	0.62469	1.6399	0.601347	5.19839	0.0179597
1477010443250000	1.85132	0.563116	5.9628	0.0300936	-0.213404	radar	7.12951	1.62331	0.499091	1.89982	0.60247	5.19766	0.0269323
1477010443300000	2.16137	0.593147	5.96349	0.0445327	-0.160397	lidar	0.245917	2.18882	0.648739	2.1597	0.604086	5.19678	0.0376932
1477010443350000	2.37674	0.640563	5.51276	0.0691038	-0.248315	radar	5.36252	1.96701	0.557117	2.41954	0.606284	5.19573	0.0502389
1477010443400000	2.65081	0.659603	5.51311	0.0593437	-0.238434	lidar	0.00364298	2.65526	0.66598	2.67932	0.609155	5.1945	0.0645654
1477010443450000	2.91741	0.654001	5.45088	0.0158804	-0.372073	radar	0.192861	2.92034	0.645898	2.93904	0.612786	5.19309	0.080668
1477010443500000	3.15054	0.65207	5.4039	0.00337492	-0.350707	lidar	1.08712	3.01222	0.637046	3.19869	0.617267	5.19147	0.0985415
1477010443550000	3.4378	0.547416	5.45842	-0.14921	-0.787164	radar	1.46199	3.56096	0.485311	3.45825	0.622685	5.18963	0.11818
1477010443600000	3.74176	0.433809	5.54711	-0.275048	-1.04062	lidar	2.30727	3.89365	0.311793	3.71772	0.62913	5.18754	0.139576
1477010443650000	4.02109	0.518781	5.52884	-0.135071	-0.511804	radar	3.97278	4.19786	0.698311	3.97708	0.636689	5.18519	0.162724
1477010443700000	4.29454	0.512083	5.50368	-0.127298	-0.430121	lidar	0.308818	4.30935	0.578564	4.23632	0.645449	5.18256	0.187614
1477010443750000	4.55185	0.555297	5.35892	-0.0776301	-0.270389	radar	1.64285	4.61908	0.68951	4.49542	0.655498	5.17962	0.214238
1477010443800000	4.73189	0.669956	5.13389	0.0312956	-0.0107412	lidar	11.6164	4.35143	0.899174	4.75437	0.666921	5.17634	0.242587
1477010443850000	4.98326	0.668134	5.03849	0.0222499	-0.0267032	radar	1.06657	5.20901	0.66599	5.01315	0.679804	5.1727	0.272649
1477010443900000	5.28234	0.659865	5.12175	0.00792243	-0.0515718	lidar	3.00805	5.51894	0.648233	5.27175	0.694234	5.16867	0.304413
1477010443950000	5.54322	0.664899	5.2516	0.00946973	-0.0437119	radar	1.9414	5.22834	0.639362	5.53013	0.710295	5.16422	0.337868
1477010444000000	5.84005	0.677727	5.30843	0.013353	-0.0340867	lidar	1.81295	6.022	0.708619	5.78828	0.728072	5.15932	0.372999
1477010444050000	6.08064	0.604734	5.15078	-0.040392	-0.117789	radar	3.37217	5.89392	0.373584	6.04618	0.747647	5.15393	0.409793
1477010444100000	6.33286	0.716422	5.12797	0.0334465	0.00401391	lidar	3.6725	6.34249	0.948833	6.30379	0.769103	5.14803	0.448233
1477010444150000	6.58284	0.747754	5.08384	0.0478267	0.0247521	radar	0.308635	6.62134	0.836138	6.5611	0.792523	5.14157	0.488305
1477010444200000	6.82808	0.74522	5.07089	0.040492	0.0127411	lidar	0.173879	6.78214	0.714036	6.81808	0.817988	5.13452	0.52999
1477010444250000	7.06904	0.729131	4.91468	0.0254922	-0.00926214	radar	1.91848	7.29121	0.630741	7.07469	0.845578	5.12685	0.573269
1477010444300000	7.28242	0.811269	4.85966	0.0689781	0.0494993	lidar	2.57978	7.13735	0.957217	7.3309	0.875373	5.11851	0.618123
1477010444350000	7.58192	0.822034	5.15338	0.0664043	0.0428741	radar	5.33117	8.08349	0.819605	7.58668	0.907449	5.10946	0.664531
1477010444400000	7.83494	0.800729	5.14551	0.0479748	0.0167806	lidar	0.47967	7.80533	0.719126	7.84199	0.941886	5.09966	0.712469
1477010444450000	8.08273	0.818018	5.00011	0.0511764	0.0190746	radar	2.18009	8.40453	0.884557	8.0968	0.978759	5.08907	0.761915
1477010444500000	8.31834	0.835149	4.97696	0.0548008	0.0224974	lidar	0.264963	8.24796	0.840322	8.35106	1.01814	5.07766	0.812843
1477010444550000	8.59253	0.921642	5.22937	0.0923997	0.0677386	radar	6.77102	8.45858	1.41118	8.60472	1.06011	5.06537	0.865226
1477010444600000	8.83375	0.980656	5.20005	0.113566	0.0894313	lidar	0.723	8.74615	1.04858	8.85775	1.10473	5.05216	0.919037
1477010444650000	9.12595	1.01931	5.26409	0.120843	0.0924481	radar	6.78303	9.8809	1.1419	9.1101	1.15208	5.03798	0.974245
1477010444700000	9.36574	1.05294	5.22833	0.127036	0.0945577	lidar	0.640435	9.25579	1.04913	9.36172	1.20223	5.0228	1.03082
1477010444750000	9.64714	1.12551	5.2961	0.149111	0.115167	radar	4.38257	10.1016	1.52474	9.61255	1.25524	5.00656	1.08873
1477010444800000	9.9261	1.25357	5.34342	0.19514	0.163139	lidar	3.15843	10.0484	1.44598	9.86254	1.31118	4.98922	1.14794
1477010444850000	10.1714	1.34078	5.14961	0.221674	0.186448	radar	4.9102	10.5377	1.72555	10.1117	1.37011	4.97074	1.20841
1477010444900000	10.3929	1.42137	5.10723	0.243307	0.201529	lidar	1.20493	10.2492	1.45907	10.3598	1.4321	4.95106	1.2701
1477010444950000	10.6221	1.49947	4.91259	0.26366	0.215434	radar	3.01024	10.9084	1.70343	10.6069	1.49721	4.93014	1.33298
1477010445000000	10.8403	1.53156	4.86888	0.260724	0.199296	lidar	1.00978	10.7313	1.45265	10.853	1.56549	4.90794	1.39701
1477010445050000	11.1097	1.58371	5.02146	0.261294	0.18692	radar	2.39555	11.4783	1.42876	11.0979	1.637	4.8844	1.46213
1477010445100000	11.3904	1.63354	5.07917	0.259952	0.173752	lidar	2.0859	11.587	1.61462	11.3416	1.71179	4.85948	1.52832
1477010445150000	11.6202	1.68815	4.99694	0.26522	0.170123	radar	0.626033	11.4763	1.53917	11.584	1.78992	4.83313	1.59551
1477010445200000	11.8476	1.75368	4.97474	0.274522	0.171163	lidar	0.253267	11.7788	1.74591	11.8251	1.87144	4.80531	1.66366
1477010445250000	12.107	1.84529	5.13497	0.290433	0.178957	radar	1.54904	12.136	2.14937	12.0647	1.95639	4.77598	1.73273
1477010445300000	12.3508	1.8765	5.11047	0.279778	0.155417	lidar	0.600427	12.3226	1.78353	12.3029	2.04482	4.74508	1.80265
1477010445350000	12.6084	1.94003	5.21316	0.281647	0.147463	radar	0.679734	12.5457	1.77728	12.5394	2.13677	4.71257	1.87338
1477010445400000	12.8105	2.07353	5.16633	0.32135	0.186411	lidar	3.30587	12.5924	2.17509	12.7743	2.23227	4.67842	1.94485
1477010445450000	13.0807	2.18628	5.3396	0.339852	0.195914	radar	2.70068	13.2198	2.6644	13.0075	2.33137	4.64258	2.01701
1477010445500000	13.2877	2.32721	5.29783	0.377408	0.229316	lidar	2.63587	13.0875	2.40708	13.2388	2.43409	4.605	2.08981
1477010445550000	13.4617	2.4655	5.00256	0.419011	0.269534	radar	11.1571	12.7087	3.12439	13.4682	2.54047	4.56565	2.16317
1477010445600000	13.7115	2.58287	5.0482	0.43592	0.273553	lidar	0.917031	13.836	2.62479	13.6955	2.65053	4.52448	2.23703
1477010445650000	13.9309	2.69319	5.01625	0.452187	0.277106	radar	0.147983	13.8302	2.73893	13.9208	2.7643	4.48147	2.31134
1477010445700000	14.1599	2.84847	5.05782	0.484746	0.299284	lidar	0.697261	14.2106	2.94205	14.1439	2.88179	4.43656	2.38601
1477010445750000	14.412	2.96536	5.22919	0.490801	0.285487	radar	1.29767	14.5568	2.87021	14.3646	3.00303	4.38974	2.46099
1477010445800000	14.618	3.03515	5.14529	0.484982	0.261741	lidar	2.28685	14.4616	2.90734	14.583	3.12802	4.34097	2.5362
1477010445850000	14.8505	3.19531	5.26413	0.51194	0.276579	radar	3.44972	14.6754	3.96041	14.7989	3.25679	4.29021	2.61157
1477010445900000	15.0628	3.38906	5.29812	0.555194	0.311475	lidar	1.03196	15.0261	3.5067	15.0122	3.38932	4.23744	2.68703
1477010445950000	15.2724	3.55512	5.1984	0.586863	0.333834	radar	2.71056	15.3685	4.14761	15.2228	3.52563	4.18263	2.76249
1477010446000000	15.4879	3.74296	5.24241	0.620877	0.354325	lidar	0.551516	15.5236	3.82936	15.4306	3.66572	4.12575	2.83789
1477010446050000	15.6979	3.87701	5.20467	0.631072	0.345874	radar	1.03276	15.7234	3.4105	15.6355	3.80957	4.06678	2.91315
1477010446100000	15.9198	4.01843	5.20843	0.640203	0.336243	lidar	0.206796	15.9774	4.00094	15.8375	3.95719	4.00571	2.98817
1477010446150000	16.1148	4.17363	5.06856	0.662846	0.347325	radar	1.50228	16.3376	4.21632	16.0363	4.10854	3.94251	3.0629
1477010446200000	16.3106	4.36898	5.11037	0.695538	0.365428	lidar	0.401374	16.3313	4.44499	16.2319	4.26363	3.87716	3.13723
1477010446250000	16.5216	4.53418	5.16754	0.708814	0.358209	radar	0.679868	16.7586	4.48231	16.4242	4.42242	3.80966	3.21109
1477010446300000	16.6981	4.69916	5.13752	0.728718	0.36048	lidar	0.503213	16.6039	4.67344	16.613	4.5849	3.74	3.28438
1477010446350000	16.8525	4.87211	4.88175	0.763352	0.388777	radar	3.34384	16.9236	5.10119	16.7983	4.75103	3.66817	3.35704
1477010446400000	17.0128	5.10074	4.94141	0.807971	0.418437	lidar	0.849957	16.9955	5.21099	16.9799	4.92077	3.59416	3.42897
1477010446450000	17.1854	5.25974	4.90972	0.820319	0.408635	radar	1.4344	17.3421	4.64623	17.1579	5.09409	3.51797	3.50008
1477010446500000	17.3402	5.44226	4.89895	0.843816	0.412165	lidar	0.139416	17.2894	5.43542	17.3319	5.27094	3.4396	3.57028
1477010446550000	17.4993	5.59718	4.82366	0.85548	0.403017	radar	2.70123	17.6463	4.74597	17.5019	5.45128	3.35907	3.63949
1477010446600000	17.6864	5.72188	4.77194	0.846414	0.368886	lidar	1.24495	17.7853	5.62476	17.6679	5.63506	3.27637	3.70762
1477010446650000	17.8351	5.90323	4.69953	0.870364	0.378385	radar	0.566976	17.9216	6.07151	17.8297	5.82221	3.19151	3.77458
1477010446700000	18.0046	6.10457	4.75369	0.890886	0.380589	lidar	1.01589	18.1263	6.16985	17.9872	6.01269	3.10453	3.84027
1477010446750000	18.1583	6.30758	4.81569	0.912589	0.382417	radar	0.936096	18.1245	6.79027	18.1402	6.20641	3.01542	3.90462
1477010446800000	18.2784	6.5577	4.88103	0.958974	0.414275	lidar	0.986255	18.2164	6.66138	18.2888	6.40332	2.92421	3.96753
1477010446850000	18.4131	6.76565	4.86894	0.984135	0.420761	radar	0.280042	18.4022	7.02231	18.4328	6.60333	2.83093	4.0289
1477010446900000	18.5577	6.90089	4.76664	0.97874	0.389773	lidar	1.31293	18.5422	6.76013	18.572	6.80638	2.7356	4.08867
1477010446950000	18.7087	7.11008	4.88464	0.99075	0.376564	radar	0.798183	18.8089	7.24388	18.7064	7.01237	2.63825	4.14672
1477010447000000	18.9043	7.2524	4.83758	0.969477	0.330474	lidar	3.64352	19.1441	7.18344	18.8359	7.22122	2.53893	4.20299
1477010447050000	18.997	7.43822	4.64716	1.00133	0.354733	radar	3.54348	18.5479	7.4012	18.9604	7.43283	2.43767	4.25737
1477010447100000	19.0849	7.71859	4.75905	1.05643	0.398206	lidar	1.898	19.0138	7.8688	19.0798	7.64712	2.3345	4.3098
1477010447150000	19.2082	7.92227	4.78904	1.07022	0.389073	radar	0.269906	19.3089	7.67375	19.1939	7.86397	2.22949	4.36017
1477010447200000	19.2858	8.14471	4.78007	1.10451	0.405679	lidar	1.29287	19.132	8.12845	19.3028	8.08329	2.12266	4.40842
1477010447250000	19.3859	8.35481	4.82395	1.1214	0.397404	radar	2.1304	19.0239	8.17194	19.4062	8.30497	2.01409	4.45445
1477010447300000	19.4804	8.49665	4.67681	1.12223	0.374612	lidar	3.06903	19.347	8.30741	19.5042	8.5289	1.90381	4.49819
1477010447350000	19.5752	8.69662	4.61883	1.14139	0.377305	radar	0.423125	19.6843	8.35902	19.5966	8.75494	1.7919	4.53956
1477010447400000	19.7339	8.87748	4.60879	1.12967	0.34311	lidar	4.00902	20.0039	8.8906	19.6835	8.983	1.67841	4.57848
1477010447450000	19.8126	9.08868	4.5321	1.15795	0.360463	radar	0.896813	19.6061	9.48659	19.7645	9.21294	1.56341	4.61488
1477010447500000	19.9383	9.33006	4.61974	1.17161	0.356703	lidar	3.43036	20.1574	9.45949	19.8398	9.44463	1.44697	4.64869
1477010447550000	19.9909	9.53531	4.46732	1.20779	0.385857	radar	2.22779	19.6163	9.76606	19.9093	9.67795	1.32916	4.67984
1477010447600000	20.0727	9.79014	4.55775	1.23682	0.397801	lidar	1.20197	20.1573	9.90876	19.9728	9.91275	1.21005	4.70826
1477010447650000	20.1344	10.0438	4.67907	1.26585	0.404074	radar	7.47195	19.1911	11.5493	20.0303	10.1489	1.08972	4.73389
1477010447700000	20.1792	10.334	4.79867	1.31033	0.432306	lidar	1.22654	20.166	10.4687	20.0818	10.3863	0.968259	4.75666
1477010447750000	20.1987	10.5611	4.678	1.35421	0.466535	radar	2.88157	19.6775	10.803	20.1271	10.6247	0.845742	4.77652
1477010447800000	20.2529	10.8493	4.80252	1.3876	0.478889	lidar	2.24484	20.371	11.0109	20.1663	10.864	0.722256	4.7934
1477010447850000	20.2799	11.1128	4.87744	1.41997	0.486	radar	4.89306	19.4335	12.3402	20.1993	11.1041	0.597892	4.80727
1477010447900000	20.3143	11.352	4.87337	1.44344	0.485064	lidar	0.00121646	20.3164	11.3483	20.2261	11.3449	0.472738	4.81807
1477010447950000	20.2665	11.5873	4.67884	1.51388	0.556829	radar	10.3848	19.2063	12.2418	20.2466	11.5861	0.346889	4.82575
1477010448000000	20.3358	11.8286	4.70258	1.51989	0.533391	lidar	4.79186	20.6141	11.9422	20.2608	11.8275	0.220439	4.83027
1477010448050000	20.3592	12.068	4.8315	1.52751	0.495903	radar	3.81441	19.966	11.9688	20.2687	12.0692	0.093487	4.83159
1477010448100000	20.3408	12.371	4.96737	1.57033	0.516479	lidar	1.0725	20.3263	12.4966	20.2701	12.3108	-0.0338694	4.82968
1477010448150000	20.2944	12.6011	4.81981	1.62526	0.565546	radar	3.18952	20.0192	12.4823	20.2652	12.5522	-0.161529	4.82451
1477010448200000	20.3204	12.8363	4.80329	1.63641	0.547045	lidar	1.8677	20.498	12.8924	20.254	12.7933	-0.28939	4.81605
1477010448250000	20.3124	13.0596	4.75515	1.65939	0.543841	radar	2.05412	20.9151	12.2555	20.2363	13.0339	-0.417348	4.80428
1477010448300000	20.2795	13.2661	4.68998	1.68753	0.544288	lidar	0.903452	20.1943	13.1688	20.2122	13.2738	-0.545298	4.78918
1477010448350000	20.2429	13.4986	4.71889	1.71316	0.537538	radar	1.31697	19.858	13.5236	20.1818	13.5129	-0.673135	4.77072
1477010448400000	20.217	13.7677	4.79733	1.73766	0.535689	lidar	1.42428	20.3245	13.8896	20.1449	13.7509	-0.800753	4.74892
1477010448450000	20.1656	13.988	4.73593	1.77183	0.549598	radar	0.807328	20.3387	13.5307	20.1017	13.9878	-0.928043	4.72374
1477010448500000	20.1047	14.2538	4.81864	1.80421	0.555555	lidar	0.441558	20.1216	14.337	20.0521	14.2233	-1.0549	4.69521
1477010448550000	20.0338	14.4814	4.81684	1.83554	0.558014	radar	1.37148	19.6717	14.4038	19.9962	14.4573	-1.18121	4.66331
1477010448600000	19.9183	14.7492	4.92732	1.88224	0.57887	lidar	1.20104	19.781	14.773	19.934	14.6897	-1.30687	4.62805
1477010448650000	19.8524	14.9651	4.9121	1.89895	0.555336	radar	3.37158	20.1149	14.0165	19.8655	14.9202	-1.43177	4.58944
1477010448700000	19.8278	15.1733	4.8197	1.90564	0.532526	lidar	2.16612	20.0208	15.2053	19.7908	15.1486	-1.55581	4.54751
1477010448750000	19.7052	15.3705	4.65381	1.97678	0.618292	radar	7.77914	20.0157	15.3443	19.7099	15.3749	-1.67887	4.50226
1477010448800000	19.6853	15.5428	4.50311	1.98185	0.59008	lidar	3.05628	19.9131	15.554	19.6229	15.5989	-1.80085	4.45372
1477010448850000	19.6009	15.7363	4.48061	2.00608	0.580447	radar	1.20512	19.9388	15.0864	19.5298	15.8203	-1.92164	4.40193
1477010448900000	19.4889	15.9614	4.54562	2.03863	0.584574	lidar	0.172937	19.4748	16.0098	19.4307	16.039	-2.04114	4.3469
1477010448950000	19.3912	16.1653	4.57626	2.05443	0.556153	radar	1.7914	19.1556	16.0022	19.3257	16.2549	-2.15925	4.28868
1477010449000000	19.2811	16.3441	4.52927	2.08472	0.558508	lidar	0.386437	19.238	16.2719	19.2148	16.4679	-2.27586	4.22731
1477010449050000	19.1695	16.534	4.51098	2.11373	0.56143	radar	0.212979	19.4007	16.2962	19.0981	16.6777	-2.39087	4.16284
1477010449100000	19.0263	16.762	4.61616	2.14567	0.565985	lidar	0.436209	19.0029	16.8387	18.9757	16.8841	-2.50418	4.0953
1477010449150000	18.8708	16.9534	4.60433	2.20509	0.628591	radar	6.78384	18.8373	17.7112	18.8477	17.0872	-2.61571	4.02476
1477010449200000	18.6754	17.2168	4.84069	2.24368	0.636859	lidar	2.13794	18.6148	17.3832	18.7142	17.2866	-2.72534	3.95127
1477010449250000	18.5748	17.4193	4.82516	2.22783	0.548414	radar	5.90206	18.8177	17.0316	18.5752	17.4822	-2.83299	3.87489
1477010449300000	18.3478	17.6276	4.96907	2.27665	0.570417	lidar	3.70325	18.1023	17.5529	18.4309	17.674	-2.93858	3.79568
1477010449350000	18.2084	17.8225	4.96435	2.28043	0.522416	radar	2.30979	18.2749	17.4877	18.2814	17.8617	-3.042	3.71372
1477010449400000	18.0835	18.0009	4.89243	2.29616	0.511898	lidar	0.998911	18.2094	18.0461	18.1268	18.0453	-3.14318	3.62906
1477010449450000	17.9092	18.1536	4.84365	2.33939	0.543313	radar	2.05955	18.3021	17.498	17.9671	18.2246	-3.24204	3.5418
1477010449500000	17.7938	18.2794	4.67176	2.36011	0.53662	lidar	1.07381	17.9018	18.2183	17.8026	18.3994	-3.3385	3.45199
1477010449550000	17.6666	18.4543	4.63117	2.36767	0.509445	radar	6.60054	18.8558	18.1364	17.6334	18.5697	-3.43247	3.35973
1477010449600000	17.4581	18.6497	4.76251	2.39637	0.512757	lidar	0.591418	17.3845	18.7039	17.4595	18.7353	-3.5239	3.26509
1477010449650000	17.2816	18.7871	4.72242	2.4312	0.528573	radar	1.74861	17.7945	18.0801	17.281	18.8962	-3.61271	3.16817
1477010449700000	17.1272	18.9171	4.63981	2.45584	0.52678	lidar	0.235799	17.1762	18.8863	17.0983	19.0521	-3.69883	3.06904
1477010449750000	16.9599	19.0874	4.65737	2.46816	0.506441	radar	3.07977	16.9398	19.7311	16.9113	19.203	-3.78221	2.9678
1477010449800000	16.7386	19.2072	4.68421	2.50867	0.521836	lidar	2.71925	16.5734	19.052	16.7201	19.3488	-3.86278	2.86455
1477010449850000	16.5447	19.3641	4.72842	2.53239	0.522947	radar	3.2647	16.1674	20.2201	16.5251	19.4894	-3.9405	2.75938
1477010449900000	16.3036	19.5389	4.87942	2.55757	0.52143	lidar	0.775496	16.2338	19.6171	16.3262	19.6246	-4.01531	2.65237
1477010449950000	16.0829	19.6202	4.8389	2.60811	0.556915	radar	10.1188	16.4366	18.2742	16.1237	19.7545	-4.08716	2.54364
1477010450000000	15.8741	19.7664	4.87621	2.62826	0.548941	lidar	0.714073	15.9243	19.8703	15.9176	19.8789	-4.15602	2.43329
1477010450050000	15.6908	19.8868	4.78766	2.63442	0.505813	radar	3.29196	16.2328	19.2166	15.7082	19.9978	-4.22185	2.32141
1477010450100000	15.4474	20.0491	4.92163	2.65135	0.496419	lidar	1.12482	15.4332	20.1836	15.4956	20.111	-4.28461	2.2081
1477010450150000	15.2257	20.1985	4.97136	2.66193	0.475853	radar	5.54028	14.3677	21.3406	15.2799	20.2185	-4.34427	2.09347
1477010450200000	15.0493	20.3203	4.89382	2.67496	0.465584	lidar	2.01039	15.2016	20.4385	15.0613	20.3203	-4.4008	1.97763
1477010450250000	14.8173	20.4042	4.89695	2.71175	0.485574	radar	2.13334	14.7476	19.9571	14.84	20.4162	-4.4542	1.86068
1477010450300000	14.6049	20.5204	4.89563	2.72896	0.47848	lidar	0.612828	14.6665	20.6088	14.6161	20.5063	-4.50443	1.74272
1477010450350000	14.361	20.6127	4.95179	2.76357	0.499846	radar	1.19417	13.841	21.0031	14.3897	20.5904	-4.55149	1.62386
1477010450400000	14.1171	20.6844	4.95863	2.79581	0.507093	lidar	0.669902	14.0521	20.5924	14.1611	20.6686	-4.59537	1.50421
1477010450450000	13.8745	20.7595	4.99108	2.82974	0.524461	radar	0.330812	13.8232	20.859	13.9304	20.7408	-4.63606	1.38386
1477010450500000	13.595	20.8255	5.07099	2.86334	0.531122	lidar	1.41994	13.4686	20.7253	13.6977	20.807	-4.67357	1.26294
1477010450550000	13.3396	20.861	5.11794	2.91377	0.575205	radar	2.35849	13.8263	20.4261	13.4632	20.8671	-4.70789	1.14153
1477010450600000	13.1034	20.8949	5.06837	2.94816	0.581527	lidar	0.253141	13.1072	20.8294	13.2271	20.9211	-4.73904	1.01975
1477010450650000	12.8696	20.9546	5.03935	2.9696	0.571748	radar	1.82516	13.2669	21.1579	12.9895	20.969	-4.76702	0.897694
1477010450700000	12.6941	20.9848	4.87047	2.99675	0.573061	lidar	2.21649	12.8729	21.0592	12.7506	21.0108	-4.79186	0.775469
1477010450750000	12.4339	21.0293	4.93291	3.02339	0.572552	radar	2.51711	11.5171	21.6724	12.5106	21.0465	-4.81358	0.653175
1477010450800000	12.1893	21.065	4.93899	3.04842	0.568749	lidar	0.122798	12.2062	21.11	12.2695	21.0761	-4.83219	0.530912
1477010450850000	11.9504	21.085	4.94266	3.07928	0.576039	radar	0.974224	12.3859	21.1066	12.0276	21.0996	-4.84773	0.408778
1477010450900000	11.7171	21.0511	4.88483	3.12466	0.594278	lidar	1.95354	11.6814	20.8651	11.785	21.117	-4.86022	0.286869
1477010450950000	11.47	21.0376	4.88732	3.16008	0.60091	radar	1.08552	11.5265	20.6748	11.5418	21.1283	-4.86971	0.165281
1477010451000000	11.2666	21.0259	4.79494	3.19204	0.604884	lidar	0.661623	11.363	21.0688	11.2982	21.1335	-4.87623	0.0441057
1477010451050000	11.01	20.9881	4.83107	3.23084	0.614151	radar	4.16886	10.5558	20.5567	11.0544	21.1327	-4.87982	-0.076565
1477010451100000	10.8116	20.9461	4.73275	3.26978	0.625059	lidar	0.45136	10.8903	20.927	10.8105	21.1259	-4.88053	-0.196643
1477010451150000	10.5712	20.9402	4.644	3.2804	0.586812	radar	5.44765	9.30535	21.3896	10.5666	21.1131	-4.8784	-0.31604
1477010451200000	10.2686	20.9768	4.81857	3.2769	0.54782	lidar	3.67752	10.189	21.209	10.3229	21.0943	-4.87349	-0.434674
1477010451250000	10.0336	20.9564	4.80499	3.29779	0.539602	radar	1.01199	9.97958	21.2932	10.0795	21.0697	-4.86585	-0.552463
1477010451300000	9.85677	20.913	4.67314	3.33147	0.549764	lidar	1.42495	9.99634	20.9797	9.83658	21.0391	-4.85554	-0.669327
1477010451350000	9.64021	20.8958	4.5355	3.33886	0.513684	radar	1.96438	9.38223	21.111	9.59422	21.0028	-4.84262	-0.785189
1477010451400000	9.45589	20.845	4.45397	3.37024	0.521584	lidar	0.484532	9.53921	20.8762	9.35258	20.9607	-4.82714	-0.899977
1477010451450000	9.24783	20.7977	4.45997	3.39696	0.525625	radar	1.38884	9.63392	20.9724	9.11177	20.9128	-4.80919	-1.01362
1477010451500000	8.91907	20.7782	4.70215	3.39269	0.487763	lidar	3.32315	8.70331	20.8221	8.87192	20.8594	-4.78881	-1.12605
1477010451550000	8.71498	20.6958	4.67196	3.43028	0.505076	radar	4.24313	9.84634	20.009	8.63315	20.8003	-4.76608	-1.2372
1477010451600000	8.41288	20.6191	4.84432	3.44665	0.491853	lidar	3.13493	8.22277	20.4839	8.39557	20.7358	-4.74108	-1.34701
1477010451650000	8.184	20.5396	4.85791	3.47434	0.497053	radar	0.059546	8.29647	20.4978	8.1593	20.6657	-4.71387	-1.45542
1477010451700000	7.9328	20.4611	4.90583	3.49414	0.490674	lidar	0.148627	7.88599	20.45	7.92445	20.5903	-4.68453	-1.56237
1477010451750000	7.71487	20.3763	4.943	3.52451	0.504767	radar	3.34495	8.29081	20.6565	7.69111	20.5096	-4.65313	-1.66781
1477010451800000	7.37592	20.322	5.16404	3.51437	0.462579	lidar	3.00938	7.18029	20.392	7.45939	20.4237	-4.61975	-1.7717
1477010451850000	7.13696	20.2288	5.12887	3.53354	0.454149	radar	0.27888	7.09214	20.1196	7.22939	20.3326	-4.58448	-1.87399
1477010451900000	6.86813	20.1446	5.19254	3.54414	0.440095	lidar	0.306104	6.81542	20.1859	7.00119	20.2364	-4.54738	-1.97462
1477010451950000	6.64012	20.0549	5.1307	3.5601	0.429895	radar	0.619096	6.89359	20.1536	6.7749	20.1352	-4.50854	-2.07357
1477010452000000	6.39677	19.9614	5.14653	3.57509	0.422786	lidar	0.157283	6.38914	20.0137	6.55059	20.0292	-4.46805	-2.17079
1477010452050000	6.17995	19.8687	5.10664	3.59341	0.420855	radar	3.02092	6.67637	20.2142	6.32834	19.9183	-4.42598	-2.26625
1477010452100000	5.91566	19.7738	5.17161	3.60057	0.404928	lidar	0.408864	5.86119	19.8306	6.10823	19.8027	-4.38241	-2.35993
1477010452150000	5.66911	19.632	5.29639	3.63181	0.424817	radar	1.61598	5.28178	19.5036	5.89034	19.6824	-4.33744	-2.45178
1477010452200000	5.52209	19.5036	5.12288	3.67232	0.448926	lidar	2.13016	5.69089	19.5755	5.67472	19.5577	-4.29114	-2.5418
1477010452250000	5.31918	19.3554	5.11522	3.70491	0.461877	radar	1.83467	5.9506	18.9859	5.46145	19.4284	-4.24359	-2.62995
1477010452300000	5.11628	19.2519	5.06891	3.71946	0.453935	lidar	2.01714	5.17021	19.4397	5.25059	19.2948	-4.19488	-2.71622
1477010452350000	4.94052	19.1384	4.90505	3.73756	0.443808	radar	4.63302	5.87397	19.301	5.04219	19.157	-4.1451	-2.80059
1477010452400000	4.79304	18.9891	4.80892	3.7765	0.46419	lidar	0.672047	4.89149	18.982	4.8363	19.015	-4.09432	-2.88305
1477010452450000	4.57725	18.8389	4.9285	3.79867	0.467561	radar	1.63166	3.98679	19.0452	4.63297	18.8689	-4.04263	-2.96359
1477010452500000	4.40688	18.7077	4.86869	3.82171	0.468736	lidar	1.0587	4.4685	18.834	4.43224	18.7188	-3.99012	-3.0422
1477010452550000	4.23906	18.5638	4.752	3.84377	0.462639	radar	1.10141	4.69245	18.4634	4.23416	18.5648	-3.93685	-3.11888
1477010452600000	4.12643	18.4128	4.62967	3.88524	0.485984	lidar	1.44978	4.26269	18.481	4.03876	18.4071	-3.88293	-3.19362
1477010452650000	3.92483	18.2408	4.91594	3.91228	0.501655	radar	7.23196	3.42434	18.8357	3.84606	18.2457	-3.82841	-3.26644
1477010452700000	3.64771	18.0949	5.06085	3.89687	0.45286	lidar	2.76003	3.45919	18.167	3.65611	18.0807	-3.77339	-3.33732
1477010452750000	3.49638	17.946	4.86188	3.91559	0.441058	radar	3.57471	4.3011	17.9267	3.46891	17.9122	-3.71795	-3.40627
1477010452800000	3.25683	17.7773	4.97139	3.9147	0.412884	lidar	1.19624	3.12525	17.7493	3.28449	17.7402	-3.66215	-3.47331
1477010452850000	3.06423	17.5942	5.10972	3.93722	0.421819	radar	2.08176	2.65664	17.888	3.10287	17.565	-3.60609	-3.53844
1477010452900000	2.89422	17.4751	5.02797	3.94261	0.406492	lidar	6.25667	2.9449	17.8154	2.92405	17.3866	-3.54982	-3.60167
1477010452950000	2.73752	17.2603	5.16655	3.98391	0.43903	radar	2.54839	3.26647	17.0897	2.74805	17.2051	-3.49344	-3.66302
1477010453000000	2.56232	17.0697	5.17112	4.00307	0.435861	lidar	0.0183075	2.55407	17.0853	2.57486	17.0205	-3.437	-3.72251
1477010453050000	2.40745	16.906	4.93817	4.01246	0.411683	radar	2.36188	2.55039	16.8884	2.4045	16.833	-3.38059	-3.78014
1477010453100000	2.24841	16.7349	4.91862	4.02755	0.406115	lidar	0.515175	2.25371	16.8334	2.23695	16.6427	-3.32428	-3.83595
1477010453150000	2.07691	16.5379	4.86705	4.03933	0.390447	radar	4.69013	1.57735	16.0489	2.07221	16.4497	-3.26812	-3.88995
1477010453200000	1.91948	16.3085	4.92532	4.06543	0.396334	lidar	2.22754	1.88972	16.1054	1.91027	16.254	-3.21219	-3.94216
1477010453250000	1.77442	16.1323	4.81657	4.07753	0.383575	radar	0.690226	1.74362	16.2687	1.75112	16.0557	-3.15656	-3.99261
1477010453300000	1.56596	15.9648	4.87785	4.06517	0.347323	lidar	1.77158	1.44745	16.0853	1.59474	15.8549	-3.10129	-4.04132
1477010453350000	1.42722	15.7329	5.0605	4.09977	0.375018	radar	2.09803	1.6097	15.5526	1.44111	15.6517	-3.04644	-4.08832
1477010453400000	1.2505	15.5111	5.12539	4.10911	0.363162	lidar	0.649573	1.18395	15.4284	1.29021	15.4463	-2.99207	-4.13364
1477010453450000	1.09491	15.319	5.06332	4.116	0.347501	radar	1.02416	0.828993	15.528	1.14201	15.2386	-2.93825	-4.1773
1477010453500000	0.874851	15.0956	5.19044	4.10564	0.31394	lidar	1.96393	0.722706	15.0075	0.996486	15.0288	-2.88503	-4.21933
1477010453550000	0.740193	14.9178	5.01233	4.11286	0.298115	radar	2.53636	1.03147	15.2134	0.853604	14.8169	-2.83246	-4.25977
1477010453600000	0.648265	14.7082	4.94892	4.14669	0.32038	lidar	0.543087	0.737301	14.7047	0.71333	14.603	-2.78061	-4.29864
1477010453650000	0.526516	14.4658	5.1005	4.17769	0.34341	radar	1.82865	0.722177	14.2445	0.575628	14.3872	-2.72952	-4.33598
1477010453700000	0.348079	14.2396	5.17539	4.17637	0.321253	lidar	0.679732	0.253435	14.2029	0.440459	14.1696	-2.67925	-4.37181
1477010453750000	0.205493	13.985	5.39147	4.20009	0.338144	radar	2.09203	-0.0328023	13.9604	0.307779	13.9502	-2.62984	-4.40617
1477010453800000	0.209951	13.7384	5.2352	4.27219	0.403205	lidar	4.40217	0.459172	13.6856	0.177545	13.7292	-2.58135	-4.43909
1477010453850000	0.0961111	13.4948	5.31637	4.29347	0.407318	radar	0.523067	0.0524412	13.6377	0.0497099	13.5065	-2.53381	-4.47061
1477010453900000	-0.0726673	13.2568	5.38022	4.28748	0.376032	lidar	0.988884	-0.190344	13.2856	-0.0757753	13.2823	-2.48728	-4.50075
1477010453950000	-0.187956	13.0419	5.20396	4.29411	0.355779	radar	1.4815	-0.275043	13.1456	-0.198962	13.0566	-2.44179	-4.52955
1477010454000000	-0.174063	12.8248	5.04397	4.35659	0.41019	lidar	3.89982	0.0462308	12.9301	-0.319903	12.8295	-2.39739	-4.55704
1477010454050000	-0.28403	12.6004	4.9211	4.36223	0.387868	radar	2.87706	-0.684792	12.3563	-0.438654	12.6011	-2.35412	-4.58326
1477010454100000	-0.40365	12.3675	4.95932	4.36615	0.369277	lidar	0.357725	-0.476482	12.3633	-0.555273	12.3714	-2.31202	-4.60823
1477010454150000	-0.517007	12.1598	4.89399	4.36631	0.346124	radar	3.42162	-0.972122	12.5207	-0.669818	12.1404	-2.27111	-4.63198
1477010454200000	-0.592125	11.9469	4.86077	4.38387	0.347141	lidar	0.451758	-0.582624	12.0386	-0.78235	11.9083	-2.23144	-4.65456
1477010454250000	-0.711217	11.7171	4.87677	4.38197	0.323206	radar	2.76021	-1.26757	11.6495	-0.892931	11.6751	-2.19304	-4.67598
1477010454300000	-0.915434	11.4685	5.01577	4.34459	0.258714	lidar	4.64698	-1.17212	11.3988	-1.00163	11.4409	-2.15594	-4.69628
1477010454350000	-1.00344	11.2466	4.86276	4.35124	0.24463	radar	2.232	-0.891441	10.959	-1.1085	11.2057	-2.12017	-4.71549
1477010454400000	-1.18711	11.0183	4.95666	4.31984	0.19302	lidar	2.81302	-1.39289	11.0424	-1.21362	10.9695	-2.08575	-4.73364
1477010454450000	-1.27267	10.7704	5.10946	4.34116	0.21375	radar	1.40309	-1.29894	10.9012	-1.31706	10.7324	-2.05273	-4.75075
1477010454500000	-1.40961	10.5114	5.18939	4.33427	0.192382	lidar	0.972361	-1.49687	10.4198	-1.41889	10.4945	-2.02111	-4.76686
1477010454550000	-1.50838	10.2456	5.3066	4.34829	0.201118	radar	1.07806	-1.59293	10.0212	-1.51917	10.2559	-1.99093	-4.78198
1477010454600000	-1.60124	10.0363	5.24207	4.35432	0.197696	lidar	2.15481	-1.61875	10.2374	-1.61797	10.0165	-1.96221	-4.79615
1477010454650000	-1.68565	9.80978	5.14635	4.36225	0.19257	radar	0.634385	-1.59702	9.96554	-1.71539	9.77637	-1.93498	-4.80939
1477010454700000	-1.75582	9.59324	5.08639	4.37662	0.198975	lidar	0.815158	-1.73381	9.71347	-1.81147	9.53564	-1.90924	-4.82172
1477010454750000	-1.87741	9.33604	5.22975	4.37467	0.188708	radar	2.46155	-2.27191	9.37316	-1.90631	9.29431	-1.88502	-4.83316
1477010454800000	-1.96602	9.03703	5.32059	4.38804	0.191574	lidar	3.81272	-1.93833	8.77028	-1.99998	9.05243	-1.86233	-4.84374
1477010454850000	-2.04407	8.81958	5.1588	4.39195	0.17969	radar	2.03458	-1.96565	9.13274	-2.09256	8.81003	-1.8412	-4.85347
1477010454900000	-2.14206	8.56709	5.19032	4.39409	0.171385	lidar	0.119899	-2.1768	8.5411	-2.18412	8.56717	-1.82164	-4.86238
1477010454950000	-2.27686	8.30828	5.25807	4.37984	0.143285	radar	2.71853	-2.65862	8.19477	-2.27474	8.32388	-1.80365	-4.87047
1477010455000000	-2.31427	8.08189	5.16995	4.40537	0.16565	lidar	0.905181	-2.21875	8.15339	-2.3645	8.0802	-1.78726	-4.87778
1477010455050000	-2.36479	7.87671	5.04616	4.42029	0.173289	radar	5.42706	-2.273	8.52315	-2.45348	7.83617	-1.77248	-4.8843
1477010455100000	-2.48539	7.62215	5.12048	4.4092	0.149575	lidar	0.820293	-2.59674	7.60288	-2.54177	7.59184	-1.75931	-4.89006
1477010455150000	-2.64224	7.38738	5.05305	4.37335	0.0881486	radar	5.46459	-3.08256	7.38874	-2.62944	7.34723	-1.74777	-4.89507
1477010455200000	-2.7509	7.13062	5.11343	4.36858	0.0766938	lidar	0.40686	-2.79865	7.064	-2.71658	7.10238	-1.73786	-4.89933
1477010455250000	-2.80912	6.8992	5.12962	4.38814	0.101721	radar	1.6747	-2.79412	7.20818	-2.80326	6.85734	-1.72958	-4.90286
1477010455300000	-2.83961	6.70258	4.98523	4.41096	0.123976	lidar	2.16361	-2.74651	6.86867	-2.88957	6.61214	-1.72295	-4.90566
1477010455350000	-2.88353	6.49346	4.78697	4.42014	0.118672	radar	3.1512	-2.57673	6.36755	-2.97559	6.36681	-1.71797	-4.90774
1477010455400000	-2.94079	6.26068	4.78073	4.43108	0.124361	lidar	0.132764	-2.90217	6.22989	-3.0614	6.12139	-1.71464	-4.90911
1477010455450000	-3.0673	6.00636	4.92874	4.4151	0.10021	radar	4.19769	-3.50172	6.10796	-3.14709	5.87592	-1.71297	-4.90976
1477010455500000	-3.16239	5.72291	5.04666	4.41341	0.0905603	lidar	2.07227	-3.1778	5.53101	-3.23274	5.63043	-1.71295	-4.9097
1477010455550000	-3.27086	5.47617	4.99698	4.39438	0.0507053	radar	2.37401	-3.19736	5.19093	-3.31843	5.38496	-1.71458	-4.90893
1477010455600000	-3.3762	5.20815	5.09137	4.38748	0.0387155	lidar	0.809702	-3.43031	5.10507	-3.40424	5.13955	-1.71787	-4.90745
1477010455650000	-3.44501	4.96242	5.11994	4.39882	0.0545638	radar	0.194023	-3.4281	4.94644	-3.49026	4.89422	-1.72281	-4.90525
1477010455700000	-3.57393	4.66941	5.28811	4.38455	0.0338348	lidar	2.20453	-3.69435	4.52196	-3.57657	4.64902	-1.72939	-4.90233
1477010455750000	-3.68517	4.41425	5.25508	4.36519	-0.00497157	radar	2.19875	-3.50501	4.17643	-3.66325	4.40398	-1.73763	-4.89868
1477010455800000	-3.83014	4.12973	5.41403	4.34627	-0.0263357	lidar	2.18695	-4.00238	4.04684	-3.75039	4.15913	-1.74749	-4.8943
1477010455850000	-3.90569	3.89272	5.38555	4.3592	-4.05642e-05	radar	1.34343	-4.06447	4.10977	-3.83806	3.91452	-1.75899	-4.88918
1477010455900000	-3.97004	3.67046	5.27474	4.367	0.0084073	lidar	0.873962	-3.88053	3.75177	-3.92635	3.67019	-1.77212	-4.8833
1477010455950000	-4.06094	3.47856	5.10994	4.35366	-0.0179401	radar	4.161	-4.23729	3.88878	-4.01533	3.42616	-1.78686	-4.87666
1477010456000000	-4.15178	3.23505	5.12198	4.35286	-0.0178427	lidar	0.0135711	-4.15119	3.21968	-4.10509	3.18248	-1.8032	-4.86925
1477010456050000	-4.27236	2.97309	5.1984	4.3368	-0.044377	radar	0.840673	-4.27467	2.88187	-4.19571	2.93919	-1.82113	-4.86104
1477010456100000	-4.36723	2.69131	5.29517	4.33923	-0.0392244	lidar	1.21809	-4.32451	2.55034	-4.28727	2.69633	-1.84065	-4.85202
1477010456150000	-4.4524	2.44374	5.28586	4.34472	-0.0261588	radar	0.180174	-4.38481	2.39989	-4.37985	2.45393	-1.86173	-4.84218
1477010456200000	-4.56143	2.17075	5.37248	4.34244	-0.0261426	lidar	0.515284	-4.61223	2.09192	-4.47352	2.21205	-1.88436	-4.83149
1477010456250000	-4.6694	1.94123	5.33809	4.31946	-0.0737465	radar	4.16039	-4.29257	1.92854	-4.56836	1.97072	-1.90853	-4.81994
1477010456300000	-4.79065	1.65517	5.46582	4.31611	-0.0709078	lidar	1.19401	-4.86829	1.53442	-4.66444	1.72998	-1.93422	-4.80751
1477010456350000	-4.91455	1.40106	5.50863	4.30137	-0.0918228	radar	0.395139	-4.98165	1.43611	-4.76186	1.48989	-1.9614	-4.79417
1477010456400000	-4.96723	1.18482	5.34199	4.30699	-0.0859849	lidar	5.37576	-4.66779	1.28643	-4.86066	1.25049	-1.99007	-4.7799
1477010456450000	-5.05783	0.983306	5.20069	4.30192	-0.0860198	radar	1.17199	-4.98594	1.10894	-4.96095	1.01182	-2.02019	-4.76468
1477010456500000	-5.11375	0.764755	5.09325	4.30715	-0.0797161	lidar	3.74829	-4.85498	0.825661	-5.06277	0.77393	-2.05174	-4.74848
1477010456550000	-5.21451	0.4486	5.32941	4.31494	-0.0679301	radar	5.41119	-4.84736	0.18101	-5.16621	0.536876	-2.08471	-4.73127
1477010456600000	-5.28748	0.215082	5.26585	4.3175	-0.0638005	lidar	1.52478	-5.1231	0.257311	-5.27133	0.300706	-2.11906	-4.71303
1477010456650000	-5.39659	-0.0105833	5.17695	4.31668	-0.0497375	radar	5.80633	-5.99809	-0.290765	-5.3782	0.0654719	-2.15477	-4.69374
1477010456700000	-5.46567	-0.241819	5.12867	4.3212	-0.0439284	lidar	1.49703	-5.29972	-0.212982	-5.4869	-0.168772	-2.1918	-4.67335
1477010456750000	-5.58401	-0.410172	5.02037	4.29296	-0.0848666	radar	3.4307	-5.64447	-0.144522	-5.59748	-0.401971	-2.23014	-4.65185
1477010456800000	-5.71699	-0.585377	4.92423	4.26704	-0.113038	lidar	2.21381	-5.85359	-0.445801	-5.71001	-0.634069	-2.26974	-4.62919
1477010456850000	-5.83284	-0.828227	5.11798	4.25067	-0.14197	radar	5.6819	-5.30947	-0.724468	-5.82456	-0.865006	-2.31058	-4.60536
1477010456900000	-5.93132	-1.11162	5.22529	4.26235	-0.115993	lidar	1.64051	-5.87835	-1.26863	-5.94118	-1.09472	-2.35262	-4.58032
1477010456950000	-6.0206	-1.39002	5.29722	4.27562	-0.0905062	radar	2.776	-5.68069	-1.52871	-6.05993	-1.32316	-2.39581	-4.55404
1477010457000000	-6.15982	-1.59568	5.24585	4.25393	-0.112645	lidar	1.16189	-6.27263	-1.50938	-6.18087	-1.55025	-2.44014	-4.52648
1477010457050000	-6.30125	-1.85056	5.47508	4.23382	-0.144203	radar	3.21763	-6.11355	-1.75966	-6.30406	-1.77593	-2.48555	-4.49762
1477010457100000	-6.41119	-2.10708	5.49138	4.2356	-0.13292	lidar	0.335623	-6.34007	-2.13685	-6.42954	-2.00014	-2.532	-4.46742
1477010457150000	-6.56009	-2.30507	5.36135	4.21288	-0.150323	radar	3.57216	-6.99344	-2.17445	-6.55738	-2.22281	-2.57946	-4.43585
1477010457200000	-6.71139	-2.51159	5.32162	4.19058	-0.169509	lidar	0.650806	-6.79288	-2.4458	-6.68761	-2.44386	-2.62788	-4.40288
1477010457250000	-6.86588	-2.72577	5.31881	4.17044	-0.184951	radar	1.18383	-7.14408	-2.67584	-6.82029	-2.66323	-2.6772	-4.36847
1477010457300000	-6.96004	-3.00025	5.375	4.18835	-0.150177	lidar	2.1066	-6.8003	-3.10086	-6.95546	-2.88084	-2.7274	-4.3326
1477010457350000	-7.08809	-3.22055	5.28097	4.18279	-0.144395	radar	0.36712	-7.13937	-3.22028	-7.09316	-3.09663	-2.7784	-4.29523
1477010457400000	-7.21277	-3.4056	5.19511	4.16611	-0.15888	lidar	1.5623	-7.12118	-3.26434	-7.23344	-3.3105	-2.83017	-4.25632
1477010457450000	-7.35903	-3.65945	5.25908	4.16454	-0.148595	radar	4.33159	-7.77186	-4.08999	-7.37632	-3.5224	-2.88265	-4.21586
1477010457500000	-7.51706	-3.78181	5.09421	4.12072	-0.19808	lidar	5.08349	-7.49009	-3.49081	-7.52184	-3.73223	-2.93579	-4.1738
1477010457550000	-7.66174	-3.9925	5.14578	4.10853	-0.203177	radar	0.521645	-7.52393	-3.88213	-7.67004	-3.93992	-2.98953	-4.13012
1477010457600000	-7.81691	-4.22377	5.18779	4.10188	-0.197643	lidar	0.513971	-7.88049	-4.29783	-7.82094	-4.14538	-3.04381	-4.08479
1477010457650000	-7.96803	-4.44312	5.19014	4.0942	-0.193999	radar	0.38547	-8.08524	-4.57834	-7.97457	-4.34854	-3.09857	-4.03778
1477010457700000	-8.13092	-4.68497	5.25224	4.09033	-0.185167	lidar	1.16824	-8.22492	-4.79812	-8.13095	-4.5493	-3.15376	-3.98906
1477010457750000	-8.27128	-4.87882	5.04946	4.08435	-0.175745	radar	2.07473	-8.453	-4.95621	-8.2901	-4.74759	-3.2093	-3.93862
1477010457800000	-8.40178	-5.09405	5.05137	4.0851	-0.164074	lidar	0.261754	-8.33552	-5.1059	-8.45204	-4.94331	-3.26514	-3.88641
1477010457850000	-8.55038	-5.24926	4.8894	4.06408	-0.178489	radar	3.05059	-8.55062	-4.79248	-8.61678	-5.13637	-3.32121	-3.83242
1477010457900000	-8.73711	-5.44841	4.9338	4.0443	-0.190618	lidar	1.93531	-8.91477	-5.51752	-8.78433	-5.32669	-3.37745	-3.77663
1477010457950000	-8.89871	-5.64325	4.95266	4.03261	-0.193241	radar	0.268043	-9.04115	-5.69364	-8.95469	-5.51417	-3.43377	-3.71901
1477010458000000	-9.05291	-5.82786	4.93993	4.02135	-0.195441	lidar	0.0538988	-9.03391	-5.80267	-9.12788	-5.69872	-3.49012	-3.65955
1477010458050000	-9.19348	-5.9736	4.78485	4.00455	-0.203668	radar	5.092	-8.86897	-5.41973	-9.30388	-5.88026	-3.54643	-3.59823
1477010458100000	-9.36439	-6.06989	4.67609	3.96185	-0.244968	lidar	3.72294	-9.30811	-5.82368	-9.4827	-6.05868	-3.60261	-3.53503
1477010458150000	-9.54329	-6.25361	4.76913	3.94745	-0.247873	radar	1.29042	-9.80646	-6.41174	-9.66432	-6.23389	-3.6586	-3.46994
1477010458200000	-9.68228	-6.46601	4.79767	3.95784	-0.220018	lidar	0.773223	-9.62547	-6.55958	-9.84874	-6.4058	-3.71431	-3.40295
1477010458250000	-9.90672	-6.63148	4.97719	3.92292	-0.250429	radar	7.19323	-10.6688	-6.35543	-10.0359	-6.57431	-3.76969	-3.33404
1477010458300000	-10.1115	-6.80269	5.0042	3.90066	-0.261606	lidar	0.7458	-10.2246	-6.83402	-10.2259	-6.73933	-3.82463	-3.26321
1477010458350000	-10.2976	-6.96439	5.037	3.88283	-0.268058	radar	0.790845	-10.2205	-6.71044	-10.4186	-6.90075	-3.87907	-3.19046
1477010458400000	-10.5309	-7.15437	5.11947	3.86222	-0.275303	lidar	3.81276	-10.7616	-7.29159	-10.614	-7.05849	-3.93293	-3.11577
1477010458450000	-10.7366	-7.29522	5.10485	3.83506	-0.291696	radar	1.74872	-10.8944	-6.83335	-10.8121	-7.21245	-3.98613	-3.03916
1477010458500000	-10.9866	-7.46445	5.17958	3.80706	-0.306508	lidar	3.54319	-11.2219	-7.56979	-11.0128	-7.36252	-4.03859	-2.96062
1477010458550000	-11.1731	-7.60119	5.04952	3.78942	-0.309406	radar	1.41947	-10.986	-7.3707	-11.2161	-7.50862	-4.09021	-2.88015
1477010458600000	-11.3202	-7.75464	4.98135	3.79116	-0.289936	lidar	3.09393	-11.0934	-7.6776	-11.422	-7.65064	-4.14093	-2.79777
1477010458650000	-11.5143	-7.88001	4.9271	3.76942	-0.298878	radar	1.69832	-11.4213	-7.46085	-11.6304	-7.78849	-4.19066	-2.71349
1477010458700000	-11.6905	-7.98259	4.8513	3.74634	-0.309475	lidar	2.8056	-11.5269	-7.8215	-11.8413	-7.92208	-4.23932	-2.6273
1477010458750000	-11.8795	-8.09477	4.6974	3.72454	-0.317213	radar	1.07129	-11.9422	-7.88317	-12.0546	-8.05131	-4.28682	-2.53924
1477010458800000	-12.0902	-8.18411	4.67796	3.69034	-0.33903	lidar	0.570695	-12.09	-8.08828	-12.2702	-8.17609	-4.33309	-2.44932
1477010458850000	-12.3232	-8.31504	4.93785	3.67038	-0.341482	radar	2.94937	-12.4462	-8.02117	-12.4881	-8.29633	-4.37802	-2.35756
1477010458900000	-12.527	-8.39761	4.88603	3.64045	-0.357152	lidar	1.61353	-12.4231	-8.2599	-12.7082	-8.41193	-4.42156	-2.26399
1477010458950000	-12.7272	-8.48471	4.71636	3.61405	-0.368489	radar	1.48394	-12.7461	-8.19449	-12.9304	-8.5228	-4.4636	-2.16863
1477010459000000	-13.009	-8.57659	4.81258	3.57208	-0.395193	lidar	4.60211	-13.2911	-8.64594	-13.1547	-8.62886	-4.50407	-2.07151
1477010459050000	-13.2632	-8.67761	4.95624	3.54644	-0.400603	radar	2.7656	-13.7929	-8.47158	-13.381	-8.73002	-4.54289	-1.97267
1477010459100000	-13.4848	-8.72604	4.91124	3.50894	-0.421528	lidar	1.79615	-13.384	-8.57583	-13.6092	-8.82619	-4.57997	-1.87214
1477010459150000	-13.6911	-8.77148	4.6915	3.47301	-0.44215	radar	3.4224	-13.6376	-8.26344	-13.8392	-8.91729	-4.61524	-1.76997
1477010459200000	-13.9188	-8.88024	4.72201	3.46442	-0.426079	lidar	1.01985	-13.9959	-8.99264	-14.0709	-9.00324	-4.64861	-1.6662
1477010459250000	-14.181	-8.96764	4.97762	3.446	-0.418853	radar	2.78592	-14.4737	-8.79552	-14.3043	-9.08395	-4.68001	-1.56086
1477010459300000	-14.4083	-9.08145	4.98186	3.44512	-0.395374	lidar	0.70471	-14.4273	-9.1875	-14.5391	-9.15936	-4.70936	-1.45402
1477010459350000	-14.6351	-9.15262	4.8969	3.42559	-0.396518	radar	0.402889	-14.5757	-9.32634	-14.7754	-9.22939	-4.73658	-1.34573
1477010459400000	-14.9259	-9.15128	4.96152	3.36614	-0.442419	lidar	1.99222	-15.062	-9.04396	-15.013	-9.29397	-4.76161	-1.23603
1477010459450000	-15.1882	-9.22223	5.00151	3.34832	-0.437303	radar	4.46738	-15.6189	-9.69365	-15.2517	-9.35302	-4.78436	-1.125
1477010459500000	-15.4575	-9.33877	5.06751	3.35181	-0.407606	lidar	5.21914	-15.6682	-9.56749	-15.4916	-9.40649	-4.80476	-1.01269
1477010459550000	-15.6931	-9.37299	4.88935	3.32173	-0.423303	radar	1.96183	-15.9382	-9.35751	-15.7324	-9.45431	-4.82275	-0.899159
1477010459600000	-15.95	-9.45632	4.9295	3.31643	-0.404851	lidar	2.08438	-16.0862	-9.59819	-15.9741	-9.49642	-4.83827	-0.784484
1477010459650000	-16.197	-9.47116	4.86779	3.28234	-0.422912	radar	2.05452	-16.6033	-8.85459	-16.2164	-9.53277	-4.85124	-0.668734
1477010459700000	-16.446	-9.46379	4.87486	3.24309	-0.443839	lidar	0.564974	-16.4229	-9.37029	-16.4594	-9.5633	-4.8616	-0.55198
1477010459750000	-16.6547	-9.47297	4.77135	3.21822	-0.448443	radar	4.84495	-16.011	-9.33486	-16.7027	-9.58797	-4.8693	-0.434301
1477010459800000	-16.9428	-9.45239	4.8606	3.17365	-0.474009	lidar	1.72922	-17.1132	-9.43043	-16.9464	-9.60673	-4.87427	-0.315773
1477010459850000	-17.1988	-9.50897	4.9733	3.17552	-0.440549	radar	7.90563	-16.9255	-10.8571	-17.1903	-9.61954	-4.87646	-0.196479
1477010459900000	-17.462	-9.52483	5.00113	3.1565	-0.437138	lidar	0.494367	-17.5448	-9.57485	-17.4342	-9.62636	-4.87583	-0.0765024
1477010459950000	-17.7175	-9.51749	4.94654	3.12743	-0.448571	radar	1.66442	-18.1371	-9.39146	-17.6781	-9.62717	-4.87232	0.0440703
1477010460000000	-17.9732	-9.48298	4.96659	3.09182	-0.463761	lidar	0.234327	-17.9724	-9.42299	-17.9216	-9.62194	-4.86588	0.165151
1477010460050000	-18.212	-9.45265	4.88586	3.05924	-0.478099	radar	0.568127	-18.3083	-9.18778	-18.1648	-9.61064	-4.85648	0.286648
1477010460100000	-18.4042	-9.50051	4.7738	3.07028	-0.437708	lidar	1.89385	-18.2763	-9.60997	-18.4074	-9.59325	-4.84408	0.40847
1477010460150000	-18.6412	-9.48878	4.85716	3.05626	-0.424243	radar	1.80124	-18.2443	-9.58547	-18.6493	-9.56977	-4.82864	0.530522
1477010460200000	-18.8929	-9.47532	4.87374	3.03895	-0.419869	lidar	0.286497	-18.9545	-9.51544	-18.8904	-9.54017	-4.81012	0.652707
1477010460250000	-19.1229	-9.43768	4.90522	3.01668	-0.418365	radar	3.87073	-18.6983	-9.02886	-19.1305	-9.50447	-4.78851	0.774927
1477010460300000	-19.3762	-9.31248	4.95923	2.95455	-0.465664	lidar	3.13779	-19.2983	-9.09865	-19.3694	-9.46265	-4.76378	0.897083
1477010460350000	-19.6057	-9.24214	4.86238	2.91706	-0.487446	radar	1.15642	-19.7037	-8.79906	-19.6069	-9.41472	-4.73591	1.01907
1477010460400000	-19.8648	-9.11165	4.94307	2.85998	-0.525036	lidar	1.45852	-19.8731	-8.96417	-19.8431	-9.36071	-4.70487	1.1408
1477010460450000	-20.1046	-9.00772	4.97564	2.82005	-0.540227	radar	4.97016	-20.3815	-7.6755	-20.0775	-9.30061	-4.67066	1.26215
1477010460500000	-20.2545	-9.15711	4.66	2.89278	-0.42602	lidar	13.8492	-20.1607	-9.59663	-20.3102	-9.23446	-4.63328	1.38303
1477010460550000	-20.4943	-9.11685	4.7302	2.88361	-0.408821	radar	1.66298	-20.4587	-9.7448	-20.5409	-9.16227	-4.59271	1.50334
1477010460600000	-20.7202	-9.01348	4.75485	2.84551	-0.428907	lidar	0.773394	-20.6596	-8.91527	-20.7696	-9.08409	-4.54895	1.62296
1477010460650000	-20.9636	-8.93383	4.77183	2.81979	-0.435685	radar	2.57563	-21.5568	-8.5005	-20.9959	-8.99994	-4.50202	1.74179
1477010460700000	-21.1571	-8.86629	4.70491	2.80145	-0.431183	lidar	1.03731	-21.0195	-8.85081	-21.2198	-8.90987	-4.45191	1.85972
1477010460750000	-21.3899	-8.78288	4.69848	2.77718	-0.437049	radar	1.98603	-21.8628	-8.64129	-21.4412	-8.81393	-4.39865	1.97666
1477010460800000	-21.576	-8.76159	4.58503	2.78176	-0.406331	lidar	1.2015	-21.5029	-8.87191	-21.6597	-8.71217	-4.34224	2.0925
1477010460850000	-21.7586	-8.64111	4.41367	2.73317	-0.449498	radar	5.89076	-21.9514	-7.41274	-21.8754	-8.60465	-4.2827	2.20712
1477010460900000	-21.962	-8.55619	4.41317	2.71308	-0.446835	lidar	0.0281742	-21.9793	-8.57089	-22.0881	-8.49143	-4.22007	2.32043
1477010460950000	-22.1728	-8.45179	4.52334	2.69327	-0.437292	radar	2.27791	-22.1914	-7.70392	-22.2975	-8.37258	-4.15437	2.43232
1477010461000000	-22.4133	-8.33803	4.60553	2.66888	-0.441011	lidar	1.5819	-22.5838	-8.35296	-22.5035	-8.24817	-4.08564	2.5427
1477010461050000	-22.6	-8.23293	4.53594	2.6429	-0.4487	radar	0.749834	-22.3177	-8.57758	-22.7061	-8.11829	-4.01391	2.65145
1477010461100000	-22.861	-7.96032	4.82461	2.55804	-0.520622	lidar	6.80247	-22.9861	-7.6724	-22.9049	-7.98301	-3.93923	2.75848
1477010461150000	-23.048	-7.81858	4.6965	2.51511	-0.554162	radar	3.56102	-23.2693	-8.32031	-23.1	-7.84243	-3.86163	2.8637
1477010461200000	-23.2862	-7.62515	4.85078	2.47216	-0.572138	lidar	2.35486	-23.4777	-7.56583	-23.2911	-7.69663	-3.78118	2.967
1477010461250000	-23.4895	-7.47637	4.95261	2.45788	-0.54449	radar	1.61054	-23.473	-7.02103	-23.4781	-7.54572	-3.69792	3.06828
1477010461300000	-23.6518	-7.34044	4.874	2.43548	-0.538722	lidar	0.720988	-23.5408	-7.36069	-23.6609	-7.3898	-3.61191	3.16746
1477010461350000	-23.8459	-7.17228	4.92869	2.41063	-0.532936	radar	0.846798	-24.0505	-6.56968	-23.8393	-7.22897	-3.52321	3.26445
1477010461400000	-23.9966	-7.09992	4.73446	2.4135	-0.499797	lidar	2.07265	-23.9384	-7.26171	-24.0132	-7.06336	-3.43189	3.35916
1477010461450000	-24.1648	-6.9189	4.72656	2.37591	-0.518252	radar	1.99571	-24.3577	-5.94086	-24.1825	-6.89307	-3.33801	3.45149
1477010461500000	-24.337	-6.64512	4.90541	2.31269	-0.559856	lidar	3.22977	-24.2574	-6.4352	-24.347	-6.71823	-3.24166	3.54138
1477010461550000	-24.5034	-6.47008	4.85256	2.28131	-0.572326	radar	3.51633	-24.788	-7.18367	-24.5066	-6.53896	-3.14289	3.62873
1477010461600000	-24.5892	-6.35701	4.62435	2.26249	-0.560032	lidar	5.1421	-24.3008	-6.43799	-24.6612	-6.35538	-3.0418	3.71347
1477010461650000	-24.729	-6.1735	4.62682	2.23284	-0.561048	radar	0.307809	-24.6108	-6.00878	-24.8107	-6.16764	-2.93846	3.79553
1477010461700000	-24.9188	-5.95045	4.76812	2.2042	-0.562806	lidar	2.90171	-25.146	-5.91902	-24.955	-5.97587	-2.83295	3.87484
1477010461750000	-25.0505	-5.74359	4.79411	2.17256	-0.564068	radar	1.85725	-24.8975	-5.02285	-25.094	-5.7802	-2.72537	3.95132
1477010461800000	-25.1803	-5.57931	4.72391	2.15408	-0.553208	lidar	0.291965	-25.1941	-5.64372	-25.2276	-5.58079	-2.61581	4.02492
1477010461850000	-25.3347	-5.38898	4.79116	2.1452	-0.521023	radar	1.30688	-25.5328	-5.4399	-25.3556	-5.37777	-2.50435	4.09557
1477010461900000	-25.4838	-5.15125	4.88753	2.11518	-0.525984	lidar	0.607041	-25.5713	-5.10241	-25.4779	-5.1713	-2.39109	4.16322
1477010461950000	-25.614	-4.97476	4.87974	2.11092	-0.487107	radar	6.32865	-25.0178	-6.55904	-25.5946	-4.96152	-2.27613	4.22781
1477010462000000	-25.7242	-4.81509	4.76175	2.09646	-0.475681	lidar	0.566073	-25.6952	-4.89995	-25.7055	-4.7486	-2.15956	4.2893
1477010462050000	-25.8461	-4.60552	4.78976	2.07694	-0.46655	radar	0.212079	-25.8162	-4.40681	-25.8105	-4.53268	-2.04149	4.34764
1477010462100000	-25.9628	-4.34821	4.88955	2.0431	-0.478585	lidar	0.468908	-25.9516	-4.26659	-25.9096	-4.31392	-1.92202	4.40279
1477010462150000	-26.0717	-4.12827	4.81486	2.00118	-0.522742	radar	11.1135	-26.8953	-4.43966	-26.0027	-4.0925	-1.80125	4.45471
1477010462200000	-26.1685	-3.82503	4.99077	1.95582	-0.544532	lidar	1.62399	-26.1198	-3.67723	-26.0897	-3.86856	-1.67928	4.50337
1477010462250000	-26.2424	-3.58607	4.9377	1.90615	-0.591129	radar	3.53785	-26.5652	-3.85723	-26.1706	-3.64227	-1.55623	4.54875
1477010462300000	-26.2708	-3.32221	4.95858	1.85582	-0.612781	lidar	4.26848	-25.9974	-3.24722	-26.2453	-3.41381	-1.4322	4.59081
1477010462350000	-26.3206	-3.07495	4.94817	1.81083	-0.639116	radar	0.510735	-26.2976	-3.01078	-26.3138	-3.18332	-1.30729	4.62954
1477010462400000	-26.3421	-2.85502	4.87431	1.77209	-0.645918	lidar	1.55041	-26.1741	-2.87885	-26.376	-2.95098	-1.18162	4.66493
1477010462450000	-26.3989	-2.63278	4.84674	1.74965	-0.630774	radar	1.43931	-26.4681	-3.44967	-26.4319	-2.71697	-1.05529	4.69696
1477010462500000	-26.469	-2.5165	4.5796	1.7448	-0.603539	lidar	5.55072	-26.674	-2.73852	-26.4815	-2.48143	-0.928411	4.72562
1477010462550000	-26.5236	-2.28543	4.61196	1.72726	-0.579975	radar	1.07306	-26.657	-1.72382	-26.5247	-2.24456	-0.80109	4.75091
1477010462600000	-26.5721	-2.09848	4.52317	1.70822	-0.569754	lidar	0.873362	-26.6691	-2.17333	-26.5616	-2.0065	-0.673434	4.77284
1477010462650000	-26.6026	-1.86759	4.54809	1.68822	-0.549037	radar	2.08469	-26.3248	-1.32261	-26.5921	-1.76744	-0.545553	4.79141
1477010462700000	-26.6025	-1.60292	4.6294	1.64908	-0.561156	lidar	1.30152	-26.4671	-1.53207	-26.6161	-1.52753	-0.417552	4.80664
1477010462750000	-26.5996	-1.38247	4.59475	1.60776	-0.586281	radar	1.58457	-26.4998	-2.19526	-26.6338	-1.28695	-0.289538	4.81852
1477010462800000	-26.604	-1.14918	4.60358	1.57796	-0.586775	lidar	0.00381985	-26.5998	-1.14277	-26.6451	-1.04586	-0.161616	4.8271
1477010462850000	-26.6328	-0.933098	4.57685	1.56271	-0.56882	radar	5.0853	-27.2008	-1.67679	-26.65	-0.804425	-0.0338883	4.83238
1477010462900000	-26.6453	-0.662953	4.68174	1.539	-0.563646	lidar	0.759775	-26.7355	-0.59539	-26.6485	-0.562811	0.0935412	4.83439
1477010462950000	-26.633	-0.418601	4.71498	1.50133	-0.586058	radar	2.30955	-26.9891	0.0351487	-26.6406	-0.321181	0.220572	4.83317
1477010463000000	-26.5889	-0.092778	4.93368	1.46189	-0.595687	lidar	2.59743	-26.4553	0.0602653	-26.6264	-0.0796947	0.347104	4.82874
1477010463050000	-26.5692	0.153071	4.9423	1.43298	-0.599329	radar	2.75725	-26.9537	0.136943	-26.6059	0.161489	0.473041	4.82116
1477010463100000	-26.5452	0.464481	5.10551	1.40881	-0.592532	lidar	1.17932	-26.6201	0.57588	-26.5792	0.402213	0.598287	4.81045
1477010463150000	-26.533	0.707596	5.06489	1.39978	-0.557579	radar	1.86316	-26.8241	0.381506	-26.5462	0.642323	0.722748	4.79667
1477010463200000	-26.5244	0.994209	5.15215	1.38658	-0.542314	lidar	2.52043	-26.7293	1.06082	-26.5069	0.881666	0.846334	4.77986
1477010463250000	-26.4857	1.26871	5.17482	1.37933	-0.498779	radar	6.88949	-25.9562	2.60409	-26.4616	1.12009	0.968955	4.76007
1477010463300000	-26.4289	1.48486	5.08624	1.35078	-0.502946	lidar	0.325259	-26.3986	1.42212	-26.4101	1.35745	1.09053	4.73737
1477010463350000	-26.3905	1.69411	4.97245	1.33679	-0.481493	radar	8.7201	-26.5072	-0.563928	-26.3526	1.59361	1.21096	4.71181
1477010463400000	-26.3368	1.88156	4.84195	1.31115	-0.483866	lidar	0.587392	-26.3594	1.79315	-26.2891	1.82841	1.33018	4.68345
1477010463450000	-26.2693	2.11003	4.8393	1.28311	-0.491978	radar	0.23305	-26.3475	1.82827	-26.2197	2.06173	1.44811	4.65235
1477010463500000	-26.2092	2.28177	4.69371	1.25702	-0.494465	lidar	0.768667	-26.2502	2.18481	-26.1444	2.29342	1.56467	4.61859
1477010463550000	-26.1471	2.4985	4.6461	1.24386	-0.470367	radar	0.787335	-26.069	2.27896	-26.0633	2.52336	1.67979	4.58223
1477010463600000	-26.0671	2.75091	4.72609	1.22296	-0.467025	lidar	0.223893	-26.0641	2.80701	-25.9765	2.75141	1.79339	4.54334
1477010463650000	-25.9732	2.97419	4.7831	1.18387	-0.502484	radar	2.8158	-26.3234	3.02388	-25.8841	2.97746	1.90543	4.502
1477010463700000	-25.8669	3.27914	4.98779	1.16511	-0.494015	lidar	1.47898	-25.8345	3.42005	-25.7861	3.20139	2.01582	4.45828
1477010463750000	-25.7835	3.51224	4.9903	1.14676	-0.487846	radar	2.13997	-26.1824	3.73376	-25.6826	3.42306	2.12452	4.41227
1477010463800000	-25.6796	3.70062	4.90296	1.11725	-0.494058	lidar	0.307415	-25.6666	3.63509	-25.5737	3.64239	2.23146	4.36404
1477010463850000	-25.5637	3.90542	4.88287	1.08663	-0.503244	radar	1.1304	-25.5773	3.13316	-25.4596	3.85924	2.3366	4.31367
1477010463900000	-25.5011	4.06544	4.72015	1.06932	-0.497288	lidar	3.67801	-25.7492	3.99968	-25.3402	4.07353	2.43989	4.26125
1477010463950000	-25.3793	4.26152	4.71059	1.03965	-0.504405	radar	0.569246	-25.3516	3.75691	-25.2157	4.28514	2.54127	4.20686
1477010464000000	-25.2163	4.49576	4.81717	1.00769	-0.509811	lidar	2.14014	-25.0214	4.52803	-25.0863	4.49399	2.64071	4.15058
1477010464050000	-25.067	4.68693	4.76333	0.981822	-0.498514	radar	8.92717	-24.2719	4.30917	-24.9518	4.69998	2.73817	4.09251
1477010464100000	-24.9497	4.87961	4.73959	0.961309	-0.494364	lidar	0.399719	-25.0363	4.88499	-24.8126	4.90303	2.83361	4.03273
1477010464150000	-24.7942	5.06818	4.74363	0.931047	-0.4989	radar	2.30871	-24.3609	4.95947	-24.6686	5.10304	2.92701	3.97132
1477010464200000	-24.6218	5.29779	4.85852	0.907151	-0.495813	lidar	1.00149	-24.5041	5.35293	-24.5201	5.29995	3.01833	3.90839
1477010464250000	-24.4489	5.48134	4.92535	0.866901	-0.524017	radar	0.871325	-24.4379	5.24592	-24.367	5.49367	3.10754	3.84401
1477010464300000	-24.261	5.65537	4.93091	0.830346	-0.534594	lidar	1.21447	-24.1159	5.61152	-24.2095	5.68414	3.19464	3.77827
1477010464350000	-24.0961	5.81631	4.92626	0.795275	-0.551061	radar	3.18264	-24.5638	4.75836	-24.0477	5.8713	3.27959	3.71127
1477010464400000	-23.9229	5.97384	4.89378	0.763682	-0.555913	lidar	0.0637217	-23.9153	5.94377	-23.8818	6.05508	3.36239	3.64309
1477010464450000	-23.783	6.14598	4.69259	0.763984	-0.500614	radar	4.47071	-23.5491	6.44495	-23.7117	6.23542	3.44302	3.57383
1477010464500000	-23.6187	6.29905	4.67069	0.738552	-0.501534	lidar	0.0497779	-23.6471	6.29102	-23.5377	6.41227	3.52148	3.50357
1477010464550000	-23.4734	6.45847	4.58043	0.727813	-0.477802	radar	1.58506	-23.7544	6.53746	-23.3598	6.58559	3.59775	3.4324
1477010464600000	-23.2366	6.71281	4.85028	0.720992	-0.453875	lidar	4.60798	-23.0099	6.86182	-23.1781	6.75533	3.67185	3.36041
1477010464650000	-23.0442	6.84706	4.78904	0.691973	-0.455936	radar	5.49681	-22.7862	5.74143	-22.9928	6.92146	3.74376	3.28768
1477010464700000	-22.8267	7.02972	4.88855	0.672288	-0.450538	lidar	0.999612	-22.6991	7.063	-22.804	7.08393	3.8135	3.21431
1477010464750000	-22.6142	7.16707	4.92885	0.63775	-0.468183	radar	1.51042	-22.418	6.76159	-22.6117	7.24273	3.88106	3.14038
1477010464800000	-22.4313	7.30711	4.8974	0.616322	-0.466817	lidar	0.321308	-22.5083	7.31524	-22.4161	7.39782	3.94647	3.06598
1477010464850000	-22.1965	7.44853	5.07191	0.575985	-0.500424	radar	2.25061	-22.0543	7.85452	-22.2173	7.54917	4.00974	2.99118
1477010464900000	-22.0138	7.60861	5.06307	0.565547	-0.485433	lidar	2.12927	-22.1947	7.69478	-22.0154	7.69679	4.07087	2.91607
1477010464950000	-21.8301	7.77904	4.95304	0.57059	-0.438137	radar	5.82133	-21.6178	9.0351	-21.8105	7.84064	4.12989	2.84074
1477010465000000	-21.6236	7.91895	4.96107	0.552137	-0.434355	lidar	0.05543	-21.6473	7.94	-21.6026	7.98072	4.18681	2.76526
1477010465050000	-21.4361	8.04685	4.88507	0.537947	-0.422355	radar	1.65244	-21.8637	7.78661	-21.392	8.11703	4.24166	2.68971
1477010465100000	-21.2228	8.06517	4.73612	0.478624	-0.46551	lidar	4.35201	-21.0853	7.83229	-21.1787	8.24957	4.29447	2.61417
1477010465150000	-21.0371	8.20155	4.57824	0.481303	-0.420546	radar	5.74413	-20.5503	9.28616	-20.9628	8.37833	4.34526	2.53871
1477010465200000	-20.8597	8.35811	4.60634	0.48401	-0.394939	lidar	3.24331	-21.0519	8.50983	-20.7444	8.50333	4.39406	2.46341
1477010465250000	-20.6137	8.47677	4.78773	0.455892	-0.412958	radar	4.75883	-19.9265	9.40847	-20.5237	8.62457	4.4409	2.38835
1477010465300000	-20.3547	8.62957	4.92462	0.447976	-0.396365	lidar	1.49856	-20.21	8.68914	-20.3006	8.74206	4.48582	2.31358
1477010465350000	-20.1621	8.74957	4.77335	0.448184	-0.360946	radar	1.75856	-20.2277	8.8532	-20.0753	8.85583	4.52884	2.23919
1477010465400000	-19.9676	8.84773	4.73279	0.431587	-0.360325	lidar	0.510438	-20.0633	8.86724	-19.848	8.96589	4.57001	2.16524
1477010465450000	-19.7766	8.94978	4.60611	0.425724	-0.337665	radar	1.07842	-19.9264	8.78179	-19.6186	9.07227	4.60937	2.09179
1477010465500000	-19.5568	9.02476	4.60015	0.400289	-0.346808	lidar	0.450602	-19.4861	8.96665	-19.3873	9.17499	4.64694	2.01891
1477010465550000	-19.3135	9.13484	4.72899	0.384656	-0.348374	radar	4.80443	-18.5719	10.2069	-19.1542	9.27409	4.68278	1.94666
1477010465600000	-19.0147	9.24511	4.89621	0.367481	-0.344523	lidar	6.27434	-18.6786	9.19191	-18.9193	9.36959	4.71692	1.8751
1477010465650000	-18.8013	9.32399	4.86865	0.348325	-0.348368	radar	1.62692	-19.2825	8.98189	-18.6827	9.46154	4.7494	1.80429
1477010465700000	-18.5374	9.43756	4.96707	0.340434	-0.336141	lidar	0.831943	-18.4242	9.46852	-18.4446	9.54996	4.78028	1.73429
1477010465750000	-18.2666	9.47865	5.1217	0.293473	-0.38287	radar	5.23043	-18.1634	8.72444	-18.2049	9.63492	4.80959	1.66514
1477010465800000	-17.956	9.6269	5.32181	0.299567	-0.351753	lidar	2.76378	-17.7736	9.72478	-17.9639	9.71643	4.83737	1.59691
1477010465850000	-17.7084	9.72621	5.20907	0.301461	-0.316223	radar	3.09522	-17.2296	9.97767	-17.7214	9.79457	4.86368	1.52964
1477010465900000	-17.4286	9.83714	5.30243	0.297512	-0.30165	lidar	0.592691	-17.3436	9.88109	-17.4777	9.86936	4.88856	1.46338
1477010465950000	-17.1756	9.92243	5.31291	0.286053	-0.297912	radar	0.387516	-17.1554	10.212	-17.2328	9.94087	4.91205	1.39818
1477010466000000	-16.9002	10.0458	5.40143	0.289649	-0.27661	lidar	0.676371	-16.8876	10.145	-16.9868	10.0091	4.93421	1.33408
1477010466050000	-16.6401	10.1213	5.39917	0.276106	-0.275706	radar	0.0256785	-16.5958	10.1078	-16.7396	10.0743	4.95507	1.27113
1477010466100000	-16.3987	10.217	5.38776	0.272563	-0.265221	lidar	1.17399	-16.5153	10.3091	-16.4915	10.1362	4.97469	1.20937
1477010466150000	-16.1351	10.2945	5.42271	0.259924	-0.26695	radar	0.424627	-16.09	10.5824	-16.2424	10.1952	4.99311	1.14883
1477010466200000	-15.9191	10.2953	5.26945	0.223002	-0.294746	lidar	1.39337	-16.006	10.1843	-15.9924	10.2511	5.01039	1.08956
1477010466250000	-15.6722	10.3594	5.2155	0.214599	-0.283608	radar	0.239421	-15.7234	10.41	-15.7416	10.3041	5.02655	1.03159
1477010466300000	-15.4728	10.3316	5.03613	0.171115	-0.31844	lidar	2.05796	-15.5699	10.1904	-15.4899	10.3543	5.04166	0.974957
1477010466350000	-15.1605	10.3751	5.31042	0.144836	-0.341481	radar	7.69981	-14.2385	10.9109	-15.2376	10.4016	5.05576	0.919692
1477010466400000	-14.9008	10.4257	5.3157	0.133434	-0.335217	lidar	0.186613	-14.9365	10.4722	-14.9846	10.4462	5.06889	0.865828
1477010466450000	-14.6679	10.4505	5.07893	0.125116	-0.309692	radar	6.37786	-14.724	9.63507	-14.7309	10.4882	5.0811	0.813394
1477010466500000	-14.4391	10.4064	4.98143	0.0805721	-0.343522	lidar	2.12837	-14.4088	10.222	-14.4766	10.5276	5.09243	0.762418
1477010466550000	-14.1804	10.4279	4.99999	0.064945	-0.34087	radar	0.548332	-13.9005	10.5238	-14.2218	10.5645	5.10293	0.712926
1477010466600000	-13.8549	10.5946	5.23953	0.109873	-0.266952	lidar	7.85961	-13.8049	10.9383	-13.9665	10.5989	5.11263	0.664944
1477010466650000	-13.6057	10.6493	5.10895	0.11701	-0.230461	radar	1.87671	-13.3956	10.7857	-13.7107	10.631	5.12159	0.618496
1477010466700000	-13.3651	10.6424	5.06152	0.0909596	-0.247378	lidar	0.50753	-13.3556	10.5517	-13.4545	10.6608	5.12983	0.573603
1477010466750000	-13.1028	10.6661	5.10719	0.0779054	-0.250099	radar	0.263985	-12.9374	10.8137	-13.1979	10.6884	5.13741	0.530288
1477010466800000	-12.8434	10.7634	5.16322	0.097471	-0.213887	lidar	4.13231	-12.9591	11.0099	-12.9409	10.7138	5.14436	0.48857
1477010466850000	-12.5791	10.8129	5.15668	0.100325	-0.194176	radar	1.42158	-12.2518	11.2495	-12.6836	10.7373	5.15071	0.448467
1477010466900000	-12.357	10.7711	5.04734	0.0629403	-0.226286	lidar	1.67682	-12.3713	10.6091	-12.426	10.7587	5.15651	0.409997
1477010466950000	-12.1071	10.8005	4.99365	0.0618235	-0.208909	radar	0.550478	-11.9352	10.9161	-12.1681	10.7783	5.16179	0.373177
1477010467000000	-11.8565	10.8693	5.02701	0.0734058	-0.184387	lidar	2.25755	-11.9451	11.0515	-11.91	10.7961	5.16658	0.338022
1477010467050000	-11.5782	10.8904	5.09013	0.0661537	-0.18154	radar	2.78267	-10.9703	10.9676	-11.6516	10.8121	5.17092	0.304546
1477010467100000	-11.3541	10.9025	5.02668	0.0546188	-0.185306	lidar	0.642003	-11.4548	10.9407	-11.393	10.8265	5.17484	0.272761
1477010467150000	-11.0784	10.8483	5.30669	-0.00213908	-0.267041	radar	8.63242	-11.3472	10.5111	-11.1342	10.8394	5.17836	0.242681
1477010467200000	-10.7744	10.8252	5.378	-0.0224817	-0.27332	lidar	2.68088	-10.6009	10.6823	-10.8753	10.8509	5.18153	0.214317
1477010467250000	-10.518	10.8247	5.31822	-0.0311222	-0.264222	radar	0.317703	-10.6563	10.8369	-10.6161	10.8609	5.18435	0.187679
1477010467300000	-10.2894	10.8141	5.24107	-0.046542	-0.268143	lidar	1.05779	-10.4142	10.8747	-10.3569	10.8697	5.18687	0.162776
1477010467350000	-10.0529	10.8598	4.98365	-0.0218516	-0.203013	radar	6.35713	-9.90413	11.2255	-10.0976	10.8772	5.1891	0.139618
1477010467400000	-9.78783	10.912	5.04009	-0.00784081	-0.175788	lidar	2.18536	-9.83445	11.1032	-9.83809	10.8837	5.19106	0.118212
1477010467450000	-9.57092	10.8829	4.94958	-0.028725	-0.189727	radar	3.75722	-10.195	10.3498	-9.57852	10.8891	5.19278	0.0985664
1477010467500000	-9.30394	10.9147	5.00646	-0.0212598	-0.170468	lidar	0.851125	-9.3066	11.0348	-9.31887	10.8936	5.19428	0.0806865
1477010467550000	-9.06869	10.8878	4.93851	-0.0365874	-0.174982	radar	2.44258	-9.2226	10.3527	-9.05915	10.8972	5.19557	0.0645787
1477010467600000	-8.79504	10.9258	5.01358	-0.0246851	-0.151526	lidar	1.24957	-8.78899	11.0707	-8.79937	10.9001	5.19667	0.050248
1477010467650000	-8.56686	10.8764	4.94593	-0.0502455	-0.17141	radar	6.17543	-8.83914	10.0319	-8.53953	10.9023	5.19759	0.0376992
1477010467700000	-8.42359	10.7895	4.69636	-0.0951011	-0.214386	lidar	3.83171	-8.62045	10.6577	-8.27965	10.9039	5.19835	0.0269359
1477010467750000	-8.18233	10.7938	4.66276	-0.0900826	-0.190823	radar	1.53842	-7.91543	11.1157	-8.01974	10.905	5.19896	0.0179617
1477010467800000	-7.80805	10.8602	4.99107	-0.0526861	-0.134141	lidar	6.94335	-7.51971	11.0005	-7.75979	10.9057	5.19942	0.0107791
1477010467850000	-7.55004	10.8581	4.94086	-0.0465104	-0.109245	radar	2.10083	-7.25987	10.6458	-7.49981	10.9061	5.19975	0.00539029
1477010467900000	-7.26377	10.8523	5.02958	-0.0463691	-0.101819	lidar	0.754883	-7.15631	10.815	-7.23983	10.9063	5.19994	0.00179692
1477010467950000	-7.04007	10.8775	4.86493	-0.026142	-0.0575265	radar	3.50656	-7.39396	11.0181	-6.97983	10.9064	5.2	-7.84874e-15
